      0.55625195       0.83078199       0.01962277
     -0.55625195      -0.83078199      -0.01962277
      0.48927565       0.87190832       0.01962695
     -0.48927565      -0.87190832      -0.01962695
      0.52396440       0.84812413       0.07840133
     -0.52396440      -0.84812413      -0.07840133
      0.52363461       0.85103833       0.03924981
     -0.52363461      -0.85103833      -0.03924981
      0.41911127       0.90772250       0.01963705
     -0.41911127      -0.90772250      -0.01963705
      0.34651497       0.93783883       0.01963956
     -0.34651497      -0.93783883      -0.01963956
      0.38349883       0.92020294       0.07845505
     -0.38349883      -0.92020294      -0.07845505
      0.38338633       0.92275255       0.03927670
     -0.38338633      -0.92275255      -0.03927670
      0.48899783       0.86147003       0.13693249
     -0.48899783      -0.86147003      -0.13693249
      0.41866840       0.89774857       0.13698273
     -0.41866840      -0.89774857      -0.13698273
      0.45169464       0.87069901       0.19456411
     -0.45169464      -0.87069901      -0.19456411
      0.45352805       0.87742995       0.15629773
     -0.45352805      -0.87742995      -0.15629773
      0.48984074       0.86627874       0.09806731
     -0.48984074      -0.86627874      -0.09806731
      0.45492584       0.88966330       0.03926438
     -0.45492584      -0.88966330      -0.03926438
      0.41945807       0.90245802       0.09810424
     -0.41945807      -0.90245802      -0.09810424
      0.45515634       0.88693978       0.07855275
     -0.45515634      -0.88693978      -0.07855275
      0.27091134       0.96240394       0.01963956
     -0.27091134      -0.96240394      -0.01963956
      0.19447776       0.98071035       0.01963705
     -0.19447776      -0.98071035      -0.01963705
      0.23062465       0.96987477       0.07845505
     -0.23062465      -0.96987477      -0.07845505
      0.23221429       0.97187132       0.03927670
     -0.23221429      -0.97187132      -0.03927670
      0.11666253       0.99297766       0.01962695
     -0.11666253      -0.99297766      -0.01962695
      0.03830412       0.99907344       0.01962277
     -0.03830412      -0.99907344      -0.01962277
      0.07461875       0.99412538       0.07840133
     -0.07461875      -0.99412538      -0.07840133
      0.07659848       0.99628918       0.03924981
     -0.07659848      -0.99628918      -0.03924981
      0.18897352       0.97238096       0.13698273
     -0.18897352      -0.97238096      -0.13698273
      0.11075182       0.98436961       0.13693249
     -0.11075182      -0.98436961      -0.13693249
      0.14635540       0.96990974       0.19456411
     -0.14635540      -0.96990974      -0.19456411
      0.14882848       0.97643284       0.15629773
     -0.14882848      -0.97643284      -0.15629773
      0.19110281       0.97665515       0.09810424
     -0.19110281      -0.97665515      -0.09810424
      0.15488823       0.98715143       0.03926438
     -0.15488823      -0.98715143      -0.03926438
      0.11289638       0.98875538       0.09806731
     -0.11289638      -0.98875538      -0.09806731
      0.15310091       0.98508354       0.07855275
     -0.15310091      -0.98508354      -0.07855275
      0.41166378       0.87576773       0.25211865
     -0.41166378      -0.87576773      -0.25211865
      0.33711127       0.90665071       0.25365425
     -0.33711127      -0.90665071      -0.25365425
      0.37004295       0.87665533       0.30747950
     -0.37004295      -0.87665533      -0.30747950
      0.37327540       0.88715740       0.27132495
     -0.37327540      -0.88715740      -0.27132495
      0.26018717       0.93164487       0.25365425
     -0.26018717      -0.93164487      -0.25365425
      0.18172036       0.95048088       0.25211865
     -0.18172036      -0.95048088      -0.25211865
      0.21591404       0.92673485       0.30747950
     -0.21591404      -0.92673485      -0.30747950
      0.21947189       0.93713119       0.27132495
     -0.21947189      -0.93713119      -0.27132495
      0.32647177       0.87335331       0.36148330
     -0.32647177      -0.87335331      -0.36148330
      0.24922299       0.89845296       0.36148330
     -0.24922299      -0.89845296      -0.36148330
      0.28135876       0.86593321       0.41351774
     -0.28135876      -0.86593321      -0.41351774
      0.28594230       0.88003990       0.37916590
     -0.28594230      -0.88003990      -0.37916590
      0.33048127       0.88569024       0.32609036
     -0.33048127      -0.88569024      -0.32609036
      0.29735767       0.91517280       0.27209770
     -0.29735767      -0.91517280      -0.27209770
      0.25323070       0.91079048       0.32609036
     -0.25323070      -0.91079048      -0.32609036
      0.29395684       0.90470614       0.30837668
     -0.29395684      -0.90470614      -0.30837668
      0.41450125       0.88443314       0.21439854
     -0.41450125      -0.88443314      -0.21439854
      0.38127928       0.91107702       0.15673155
     -0.38127928      -0.91107702      -0.15673155
      0.33994227       0.91532082       0.21593297
     -0.33994227      -0.91532082      -0.21593297
      0.37892952       0.90445875       0.19587442
     -0.37892952      -0.90445875      -0.19587442
      0.34592352       0.93311707       0.09812980
     -0.34592352      -0.93311707      -0.09812980
      0.30877850       0.95032251       0.03928062
     -0.30877850      -0.95032251      -0.03928062
      0.26861444       0.95823631       0.09812980
     -0.26861444      -0.95823631      -0.09812980
      0.30806120       0.94811489       0.07859037
     -0.30806120      -0.94811489      -0.07859037
      0.26299301       0.94032315       0.21593297
     -0.26299301      -0.94032315      -0.21593297
      0.22705622       0.96118713       0.15673155
     -0.22705622      -0.96118713      -0.15673155
      0.18451820       0.95915916       0.21439854
     -0.18451820      -0.95915916      -0.21439854
      0.22506709       0.95445168       0.19587442
     -0.22506709      -0.95445168      -0.19587442
      0.30298332       0.93248679       0.19664559
     -0.30298332      -0.93248679      -0.19664559
      0.34447859       0.92866663       0.13752381
     -0.34447859      -0.92866663      -0.13752381
      0.26716751       0.95378652       0.13752381
     -0.26716751      -0.95378652      -0.13752381
      0.30516619       0.93920496       0.15737738
     -0.30516619      -0.93920496      -0.15737738
     -0.61822932       0.78575280       0.01962277
      0.61822932      -0.78575280      -0.01962277
     -0.67803960       0.73476329       0.01962695
      0.67803960      -0.73476329      -0.01962695
     -0.64470008       0.76040453       0.07840133
      0.64470008      -0.76040453      -0.07840133
     -0.64757356       0.76099142       0.03924981
      0.64757356      -0.76099142      -0.03924981
     -0.73378289       0.67910018       0.01963705
      0.73378289      -0.67910018      -0.01963705
     -0.78485872       0.61936345       0.01963956
      0.78485872      -0.61936345      -0.01963956
     -0.75665735       0.64908741       0.07845505
      0.75665735      -0.64908741      -0.07845505
     -0.75911693       0.64976828       0.03927670
      0.75911693      -0.64976828      -0.03927670
     -0.66819804       0.73127345       0.13693249
      0.66819804      -0.73127345      -0.13693249
     -0.72443398       0.67559687       0.13698273
      0.72443398      -0.67559687      -0.13698273
     -0.68850265       0.69864792       0.19456411
      0.68850265      -0.69864792      -0.19456411
     -0.69433760       0.70247158       0.15629773
      0.69433760      -0.70247158      -0.15629773
     -0.67251092       0.73356108       0.09806731
      0.67251092      -0.73356108      -0.09806731
     -0.70554027       0.70758126       0.03926438
      0.70554027      -0.70758126      -0.03926438
     -0.72866891       0.67780320       0.09810424
      0.72866891      -0.67780320      -0.09810424
     -0.70287881       0.70695887       0.07855275
      0.70287881      -0.70695887      -0.07855275
     -0.83158433       0.55505116       0.01963956
      0.83158433      -0.55505116      -0.01963956
     -0.87261404       0.48801550       0.01963705
      0.87261404      -0.48801550      -0.01963705
     -0.85113879       0.51904486       0.07845505
      0.85113879      -0.51904486      -0.07845505
     -0.85254639       0.52117366       0.03927670
      0.85254639      -0.52117366      -0.03927670
     -0.90832717       0.41779964       0.01962695
      0.90832717      -0.41779964      -0.01962695
     -0.93833868       0.34516005       0.01962277
      0.93833868      -0.34516005      -0.01962277
     -0.92241096       0.37816829       0.07840133
      0.92241096      -0.37816829      -0.07840133
     -0.92385708       0.38071977       0.03924981
      0.92385708      -0.38071977      -0.03924981
     -0.86639322       0.48020674       0.13698273
      0.86639322      -0.48020674      -0.13698273
     -0.90196694       0.40951818       0.13693249
      0.90196694      -0.40951818      -0.13693249
     -0.87721267       0.43891085       0.19456411
      0.87721267      -0.43891085      -0.19456411
     -0.88265229       0.44327864       0.15629773
      0.88265229      -0.44327864      -0.15629773
     -0.86980022       0.48355261       0.09810424
      0.86980022      -0.48355261      -0.09810424
     -0.89097370       0.45235403       0.03926438
      0.89097370      -0.45235403      -0.03926438
     -0.90547535       0.41291305       0.09806731
      0.90547535      -0.41291305      -0.09806731
     -0.88955934       0.45001517       0.07855275
      0.88955934      -0.45001517      -0.07855275
     -0.70569350       0.66214263       0.25211865
      0.70569350      -0.66214263      -0.25211865
     -0.75810295       0.60078235       0.25365425
      0.75810295      -0.60078235      -0.25365425
     -0.71939921       0.62283315       0.30747950
      0.71939921      -0.62283315      -0.30747950
     -0.72838838       0.62915272       0.27132495
      0.72838838      -0.62915272      -0.27132495
     -0.80564467       0.53534680       0.25365425
      0.80564467      -0.53534680      -0.25365425
     -0.84780635       0.46654108       0.25211865
      0.84780635      -0.46654108      -0.25211865
     -0.81465611       0.49172328       0.30747950
      0.81465611      -0.49172328      -0.30747950
     -0.82344418       0.49831963       0.27132495
      0.82344418      -0.49831963      -0.27132495
     -0.72972303       0.58037412       0.36148330
      0.72972303      -0.58037412      -0.36148330
     -0.77746541       0.51466238       0.36148330
      0.77746541      -0.51466238      -0.36148330
     -0.73660679       0.53517616       0.41351774
      0.73660679      -0.53517616      -0.41351774
     -0.74860665       0.54389457       0.37916590
      0.74860665      -0.54389457      -0.37916590
     -0.74021715       0.58799970       0.32609036
      0.74021715      -0.58799970      -0.32609036
     -0.77849248       0.56560790       0.27209770
      0.77849248      -0.56560790      -0.27209770
     -0.78796063       0.52228644       0.32609036
      0.78796063      -0.52228644      -0.32609036
     -0.76958901       0.55913914       0.30837668
      0.76958901      -0.55913914      -0.30837668
     -0.71305797       0.66751898       0.21439854
      0.71305797      -0.66751898      -0.21439854
     -0.74866396       0.64415642       0.15673155
      0.74866396      -0.64415642      -0.15673155
     -0.76547390       0.60615400       0.21593297
      0.76547390      -0.60615400      -0.21593297
     -0.74309573       0.63987652       0.19587442
      0.74309573      -0.63987652      -0.19587442
     -0.78055082       0.61734185       0.09812980
      0.78055082      -0.61734185      -0.09812980
     -0.80839261       0.58733161       0.03928062
      0.80839261      -0.58733161      -0.03928062
     -0.82833046       0.55157882       0.09812980
      0.82833046      -0.55157882      -0.09812980
     -0.80651470       0.58596723       0.07859037
      0.80651470      -0.58596723      -0.07859037
     -0.81303115       0.54069705       0.21593297
      0.81303115      -0.54069705      -0.21593297
     -0.84397905       0.51296646       0.15673155
      0.84397905      -0.51296646      -0.15673155
     -0.85519531       0.47188372       0.21439854
      0.85519531      -0.47188372      -0.21439854
     -0.83818794       0.50899331       0.19587442
      0.83818794      -0.50899331      -0.19587442
     -0.79322064       0.57630853       0.19664559
      0.79322064      -0.57630853      -0.19664559
     -0.77676471       0.61459238       0.13752381
      0.77676471      -0.61459238      -0.13752381
     -0.82454558       0.54882765       0.13752381
      0.82454558      -0.54882765      -0.13752381
     -0.79893546       0.58046059       0.15737738
      0.79893546      -0.58046059      -0.15737738
     -0.93833868      -0.34516005       0.01962277
      0.93833868       0.34516005      -0.01962277
     -0.90832717      -0.41779964       0.01962695
      0.90832717       0.41779964      -0.01962695
     -0.92241096      -0.37816829       0.07840133
      0.92241096       0.37816829      -0.07840133
     -0.92385708      -0.38071977       0.03924981
      0.92385708       0.38071977      -0.03924981
     -0.87261404      -0.48801550       0.01963705
      0.87261404       0.48801550      -0.01963705
     -0.83158433      -0.55505116       0.01963956
      0.83158433       0.55505116      -0.01963956
     -0.85113879      -0.51904486       0.07845505
      0.85113879       0.51904486      -0.07845505
     -0.85254639      -0.52117366       0.03927670
      0.85254639       0.52117366      -0.03927670
     -0.90196694      -0.40951818       0.13693249
      0.90196694       0.40951818      -0.13693249
     -0.86639322      -0.48020674       0.13698273
      0.86639322       0.48020674      -0.13698273
     -0.87721267      -0.43891085       0.19456411
      0.87721267       0.43891085      -0.19456411
     -0.88265229      -0.44327864       0.15629773
      0.88265229       0.44327864      -0.15629773
     -0.90547535      -0.41291305       0.09806731
      0.90547535       0.41291305      -0.09806731
     -0.89097370      -0.45235403       0.03926438
      0.89097370       0.45235403      -0.03926438
     -0.86980022      -0.48355261       0.09810424
      0.86980022       0.48355261      -0.09810424
     -0.88955934      -0.45001517       0.07855275
      0.88955934       0.45001517      -0.07855275
     -0.78485872      -0.61936345       0.01963956
      0.78485872       0.61936345      -0.01963956
     -0.73378289      -0.67910018       0.01963705
      0.73378289       0.67910018      -0.01963705
     -0.75665735      -0.64908741       0.07845505
      0.75665735       0.64908741      -0.07845505
     -0.75911693      -0.64976828       0.03927670
      0.75911693       0.64976828      -0.03927670
     -0.67803960      -0.73476329       0.01962695
      0.67803960       0.73476329      -0.01962695
     -0.61822932      -0.78575280       0.01962277
      0.61822932       0.78575280      -0.01962277
     -0.64470008      -0.76040453       0.07840133
      0.64470008       0.76040453      -0.07840133
     -0.64757356      -0.76099142       0.03924981
      0.64757356       0.76099142      -0.03924981
     -0.72443398      -0.67559687       0.13698273
      0.72443398       0.67559687      -0.13698273
     -0.66819804      -0.73127345       0.13693249
      0.66819804       0.73127345      -0.13693249
     -0.68850265      -0.69864792       0.19456411
      0.68850265       0.69864792      -0.19456411
     -0.69433760      -0.70247158       0.15629773
      0.69433760       0.70247158      -0.15629773
     -0.72866891      -0.67780320       0.09810424
      0.72866891       0.67780320      -0.09810424
     -0.70554027      -0.70758126       0.03926438
      0.70554027       0.70758126      -0.03926438
     -0.67251092      -0.73356108       0.09806731
      0.67251092       0.73356108      -0.09806731
     -0.70287881      -0.70695887       0.07855275
      0.70287881       0.70695887      -0.07855275
     -0.84780635      -0.46654108       0.25211865
      0.84780635       0.46654108      -0.25211865
     -0.80564467      -0.53534680       0.25365425
      0.80564467       0.53534680      -0.25365425
     -0.81465611      -0.49172328       0.30747950
      0.81465611       0.49172328      -0.30747950
     -0.82344418      -0.49831963       0.27132495
      0.82344418       0.49831963      -0.27132495
     -0.75810295      -0.60078235       0.25365425
      0.75810295       0.60078235      -0.25365425
     -0.70569350      -0.66214263       0.25211865
      0.70569350       0.66214263      -0.25211865
     -0.71939921      -0.62283315       0.30747950
      0.71939921       0.62283315      -0.30747950
     -0.72838838      -0.62915272       0.27132495
      0.72838838       0.62915272      -0.27132495
     -0.77746541      -0.51466238       0.36148330
      0.77746541       0.51466238      -0.36148330
     -0.72972303      -0.58037412       0.36148330
      0.72972303       0.58037412      -0.36148330
     -0.73660679      -0.53517616       0.41351774
      0.73660679       0.53517616      -0.41351774
     -0.74860665      -0.54389457       0.37916590
      0.74860665       0.54389457      -0.37916590
     -0.78796063      -0.52228644       0.32609036
      0.78796063       0.52228644      -0.32609036
     -0.77849248      -0.56560790       0.27209770
      0.77849248       0.56560790      -0.27209770
     -0.74021715      -0.58799970       0.32609036
      0.74021715       0.58799970      -0.32609036
     -0.76958901      -0.55913914       0.30837668
      0.76958901       0.55913914      -0.30837668
     -0.85519531      -0.47188372       0.21439854
      0.85519531       0.47188372      -0.21439854
     -0.84397905      -0.51296646       0.15673155
      0.84397905       0.51296646      -0.15673155
     -0.81303115      -0.54069705       0.21593297
      0.81303115       0.54069705      -0.21593297
     -0.83818794      -0.50899331       0.19587442
      0.83818794       0.50899331      -0.19587442
     -0.82833046      -0.55157882       0.09812980
      0.82833046       0.55157882      -0.09812980
     -0.80839261      -0.58733161       0.03928062
      0.80839261       0.58733161      -0.03928062
     -0.78055082      -0.61734185       0.09812980
      0.78055082       0.61734185      -0.09812980
     -0.80651470      -0.58596723       0.07859037
      0.80651470       0.58596723      -0.07859037
     -0.76547390      -0.60615400       0.21593297
      0.76547390       0.60615400      -0.21593297
     -0.74866396      -0.64415642       0.15673155
      0.74866396       0.64415642      -0.15673155
     -0.71305797      -0.66751898       0.21439854
      0.71305797       0.66751898      -0.21439854
     -0.74309573      -0.63987652       0.19587442
      0.74309573       0.63987652      -0.19587442
     -0.79322064      -0.57630853       0.19664559
      0.79322064       0.57630853      -0.19664559
     -0.82454558      -0.54882765       0.13752381
      0.82454558       0.54882765      -0.13752381
     -0.77676471      -0.61459238       0.13752381
      0.77676471       0.61459238      -0.13752381
     -0.79893546      -0.58046059       0.15737738
      0.79893546       0.58046059      -0.15737738
      0.03830412      -0.99907344       0.01962277
     -0.03830412       0.99907344      -0.01962277
      0.11666253      -0.99297766       0.01962695
     -0.11666253       0.99297766      -0.01962695
      0.07461875      -0.99412538       0.07840133
     -0.07461875       0.99412538      -0.07840133
      0.07659848      -0.99628918       0.03924981
     -0.07659848       0.99628918      -0.03924981
      0.19447776      -0.98071035       0.01963705
     -0.19447776       0.98071035      -0.01963705
      0.27091134      -0.96240394       0.01963956
     -0.27091134       0.96240394      -0.01963956
      0.23062465      -0.96987477       0.07845505
     -0.23062465       0.96987477      -0.07845505
      0.23221429      -0.97187132       0.03927670
     -0.23221429       0.97187132      -0.03927670
      0.11075182      -0.98436961       0.13693249
     -0.11075182       0.98436961      -0.13693249
      0.18897352      -0.97238096       0.13698273
     -0.18897352       0.97238096      -0.13698273
      0.14635540      -0.96990974       0.19456411
     -0.14635540       0.96990974      -0.19456411
      0.14882848      -0.97643284       0.15629773
     -0.14882848       0.97643284      -0.15629773
      0.11289638      -0.98875538       0.09806731
     -0.11289638       0.98875538      -0.09806731
      0.15488823      -0.98715143       0.03926438
     -0.15488823       0.98715143      -0.03926438
      0.19110281      -0.97665515       0.09810424
     -0.19110281       0.97665515      -0.09810424
      0.15310091      -0.98508354       0.07855275
     -0.15310091       0.98508354      -0.07855275
      0.34651497      -0.93783883       0.01963956
     -0.34651497       0.93783883      -0.01963956
      0.41911127      -0.90772250       0.01963705
     -0.41911127       0.90772250      -0.01963705
      0.38349883      -0.92020294       0.07845505
     -0.38349883       0.92020294      -0.07845505
      0.38338633      -0.92275255       0.03927670
     -0.38338633       0.92275255      -0.03927670
      0.48927565      -0.87190832       0.01962695
     -0.48927565       0.87190832      -0.01962695
      0.55625195      -0.83078199       0.01962277
     -0.55625195       0.83078199      -0.01962277
      0.52396440      -0.84812413       0.07840133
     -0.52396440       0.84812413      -0.07840133
      0.52363461      -0.85103833       0.03924981
     -0.52363461       0.85103833      -0.03924981
      0.41866840      -0.89774857       0.13698273
     -0.41866840       0.89774857      -0.13698273
      0.48899783      -0.86147003       0.13693249
     -0.48899783       0.86147003      -0.13693249
      0.45169464      -0.87069901       0.19456411
     -0.45169464       0.87069901      -0.19456411
      0.45352805      -0.87742995       0.15629773
     -0.45352805       0.87742995      -0.15629773
      0.41945807      -0.90245802       0.09810424
     -0.41945807       0.90245802      -0.09810424
      0.45492584      -0.88966330       0.03926438
     -0.45492584       0.88966330      -0.03926438
      0.48984074      -0.86627874       0.09806731
     -0.48984074       0.86627874      -0.09806731
      0.45515634      -0.88693978       0.07855275
     -0.45515634       0.88693978      -0.07855275
      0.18172036      -0.95048088       0.25211865
     -0.18172036       0.95048088      -0.25211865
      0.26018717      -0.93164487       0.25365425
     -0.26018717       0.93164487      -0.25365425
      0.21591404      -0.92673485       0.30747950
     -0.21591404       0.92673485      -0.30747950
      0.21947189      -0.93713119       0.27132495
     -0.21947189       0.93713119      -0.27132495
      0.33711127      -0.90665071       0.25365425
     -0.33711127       0.90665071      -0.25365425
      0.41166378      -0.87576773       0.25211865
     -0.41166378       0.87576773      -0.25211865
      0.37004295      -0.87665533       0.30747950
     -0.37004295       0.87665533      -0.30747950
      0.37327540      -0.88715740       0.27132495
     -0.37327540       0.88715740      -0.27132495
      0.24922299      -0.89845296       0.36148330
     -0.24922299       0.89845296      -0.36148330
      0.32647177      -0.87335331       0.36148330
     -0.32647177       0.87335331      -0.36148330
      0.28135876      -0.86593321       0.41351774
     -0.28135876       0.86593321      -0.41351774
      0.28594230      -0.88003990       0.37916590
     -0.28594230       0.88003990      -0.37916590
      0.25323070      -0.91079048       0.32609036
     -0.25323070       0.91079048      -0.32609036
      0.29735767      -0.91517280       0.27209770
     -0.29735767       0.91517280      -0.27209770
      0.33048127      -0.88569024       0.32609036
     -0.33048127       0.88569024      -0.32609036
      0.29395684      -0.90470614       0.30837668
     -0.29395684       0.90470614      -0.30837668
      0.18451820      -0.95915916       0.21439854
     -0.18451820       0.95915916      -0.21439854
      0.22705622      -0.96118713       0.15673155
     -0.22705622       0.96118713      -0.15673155
      0.26299301      -0.94032315       0.21593297
     -0.26299301       0.94032315      -0.21593297
      0.22506709      -0.95445168       0.19587442
     -0.22506709       0.95445168      -0.19587442
      0.26861444      -0.95823631       0.09812980
     -0.26861444       0.95823631      -0.09812980
      0.30877850      -0.95032251       0.03928062
     -0.30877850       0.95032251      -0.03928062
      0.34592352      -0.93311707       0.09812980
     -0.34592352       0.93311707      -0.09812980
      0.30806120      -0.94811489       0.07859037
     -0.30806120       0.94811489      -0.07859037
      0.33994227      -0.91532082       0.21593297
     -0.33994227       0.91532082      -0.21593297
      0.38127928      -0.91107702       0.15673155
     -0.38127928       0.91107702      -0.15673155
      0.41450125      -0.88443314       0.21439854
     -0.41450125       0.88443314      -0.21439854
      0.37892952      -0.90445875       0.19587442
     -0.37892952       0.90445875      -0.19587442
      0.30298332      -0.93248679       0.19664559
     -0.30298332       0.93248679      -0.19664559
      0.26716751      -0.95378652       0.13752381
     -0.26716751       0.95378652      -0.13752381
      0.34447859      -0.92866663       0.13752381
     -0.34447859       0.92866663      -0.13752381
      0.30516619      -0.93920496       0.15737738
     -0.30516619       0.93920496      -0.15737738
      0.96201193      -0.27230129       0.01962277
     -0.96201193       0.27230129      -0.01962277
      0.98042858      -0.19589431       0.01962695
     -0.98042858       0.19589431      -0.01962695
      0.96852788      -0.23623499       0.07840133
     -0.96852788       0.23623499      -0.07840133
      0.97119755      -0.23502080       0.03924981
     -0.97119755       0.23502080      -0.03924981
      0.99280790      -0.11809683       0.01963705
     -0.99280790       0.11809683      -0.01963705
      0.99901674      -0.03974718       0.01963956
     -0.99901674       0.03974718      -0.01963956
      0.99367266      -0.08037071       0.07845505
     -0.99367266       0.08037071      -0.07845505
      0.99606271      -0.07947584       0.03927670
     -0.99606271       0.07947584      -0.03927670
      0.97041533      -0.19885570       0.13693249
     -0.97041533       0.19885570      -0.13693249
      0.98318528      -0.12075774       0.13698273
     -0.98318528       0.12075774      -0.13698273
      0.96766528      -0.16052634       0.19456411
     -0.96766528       0.16052634      -0.19456411
      0.97463335      -0.16019004       0.15629773
     -0.97463335       0.16019004      -0.15629773
      0.97524915      -0.19817138       0.09806731
     -0.97524915       0.19817138      -0.09806731
      0.98669990      -0.15773910       0.03926438
     -0.98669990       0.15773910      -0.03926438
      0.98790826      -0.12005346       0.09810424
     -0.98790826       0.12005346      -0.09810424
      0.98418090      -0.15879994       0.07855275
     -0.98418090       0.15879994      -0.07855275
      0.99901674       0.03974718       0.01963956
     -0.99901674      -0.03974718      -0.01963956
      0.99280790       0.11809683       0.01963705
     -0.99280790      -0.11809683      -0.01963705
      0.99367266       0.08037071       0.07845505
     -0.99367266      -0.08037071      -0.07845505
      0.99606271       0.07947584       0.03927670
     -0.99606271      -0.07947584      -0.03927670
      0.98042858       0.19589431       0.01962695
     -0.98042858      -0.19589431      -0.01962695
      0.96201193       0.27230129       0.01962277
     -0.96201193      -0.27230129      -0.01962277
      0.96852788       0.23623499       0.07840133
     -0.96852788      -0.23623499      -0.07840133
      0.97119755       0.23502080       0.03924981
     -0.97119755      -0.23502080      -0.03924981
      0.98318528       0.12075774       0.13698273
     -0.98318528      -0.12075774      -0.13698273
      0.97041533       0.19885570       0.13693249
     -0.97041533      -0.19885570      -0.13693249
      0.96766528       0.16052634       0.19456411
     -0.96766528      -0.16052634      -0.19456411
      0.97463335       0.16019004       0.15629773
     -0.97463335      -0.16019004      -0.15629773
      0.98790826       0.12005346       0.09810424
     -0.98790826      -0.12005346      -0.09810424
      0.98669990       0.15773910       0.03926438
     -0.98669990      -0.15773910      -0.03926438
      0.97524915       0.19817138       0.09806731
     -0.97524915      -0.19817138      -0.09806731
      0.98418090       0.15879994       0.07855275
     -0.98418090      -0.15879994      -0.07855275
      0.96011571      -0.12088841       0.25211865
     -0.96011571       0.12088841      -0.25211865
      0.96644918      -0.04044140       0.25365425
     -0.96644918       0.04044140      -0.25365425
      0.94809833      -0.08103036       0.30747950
     -0.94809833       0.08103036      -0.30747950
      0.95908526      -0.08085929       0.27132495
     -0.95908526       0.08085929      -0.27132495
      0.96644918       0.04044140       0.25365425
     -0.96644918      -0.04044140      -0.25365425
      0.96011571       0.12088841       0.25211865
     -0.96011571      -0.12088841      -0.25211865
      0.94809833       0.08103036       0.30747950
     -0.94809833      -0.08103036      -0.30747950
      0.95908526       0.08085929       0.27132495
     -0.95908526      -0.08085929      -0.27132495
      0.93149368      -0.04061209       0.36148330
     -0.93149368       0.04061209      -0.36148330
      0.93149368       0.04061209       0.36148330
     -0.93149368      -0.04061209      -0.36148330
      0.91049606       0.00000000       0.41351774
     -0.91049606      -0.00000000      -0.41351774
      0.92532871       0.00000000       0.37916590
     -0.92532871      -0.00000000      -0.37916590
      0.94446581      -0.04061303       0.32609036
     -0.94446581       0.04061303      -0.32609036
      0.96226963       0.00000000       0.27209770
     -0.96226963      -0.00000000      -0.27209770
      0.94446581       0.04061303       0.32609036
     -0.94446581      -0.04061303      -0.32609036
      0.95126433       0.00000000       0.30837668
     -0.95126433      -0.00000000      -0.30837668
      0.96923383      -0.12090924       0.21439854
     -0.96923383       0.12090924      -0.21439854
      0.98430751      -0.08107986       0.15673155
     -0.98430751       0.08107986      -0.15673155
      0.97556977      -0.04045462       0.21593297
     -0.97556977       0.04045462      -0.21593297
      0.97728705      -0.08089027       0.19587442
     -0.97728705       0.08089027      -0.19587442
      0.99434331      -0.04064379       0.09812980
     -0.99434331       0.04064379      -0.09812980
      0.99922822       0.00000000       0.03928062
     -0.99922822      -0.00000000      -0.03928062
      0.99434331       0.04064379       0.09812980
     -0.99434331      -0.04064379      -0.09812980
      0.99690699       0.00000000       0.07859037
     -0.99690699      -0.00000000      -0.07859037
      0.97556977       0.04045462       0.21593297
     -0.97556977      -0.04045462      -0.21593297
      0.98430751       0.08107986       0.15673155
     -0.98430751      -0.08107986      -0.15673155
      0.96923383       0.12090924       0.21439854
     -0.96923383      -0.12090924      -0.21439854
      0.97728705       0.08089027       0.19587442
     -0.97728705      -0.08089027      -0.19587442
      0.98047464       0.00000000       0.19664559
     -0.98047464      -0.00000000      -0.19664559
      0.98966419      -0.04064484       0.13752381
     -0.98966419       0.04064484      -0.13752381
      0.98966419       0.04064484       0.13752381
     -0.98966419      -0.04064484      -0.13752381
      0.98753854       0.00000000       0.15737738
     -0.98753854      -0.00000000      -0.15737738
      0.58690003       0.80851486       0.04303581
     -0.58690003      -0.80851486      -0.04303581
      0.55459782       0.82586765       0.10180318
     -0.55459782      -0.82586765      -0.10180318
      0.61166433       0.78298774       0.11312358
     -0.61166433      -0.78298774      -0.11312358
      0.58491625       0.80651462       0.08606482
     -0.58491625      -0.80651462      -0.08606482
      0.51958304       0.83924858       0.16029751
     -0.51958304      -0.83924858      -0.16029751
      0.48226261       0.84849008       0.21791596
     -0.48226261      -0.84849008      -0.21791596
      0.54080082       0.80901418       0.23028360
     -0.54080082      -0.80901418      -0.23028360
      0.51468137       0.83299946       0.20301472
     -0.51468137      -0.83299946      -0.20301472
      0.63260029       0.75261364       0.18272815
     -0.63260029      -0.75261364      -0.18272815
      0.59674826       0.76526816       0.24136312
     -0.59674826      -0.76526816      -0.24136312
      0.64949216       0.71771301       0.25109354
     -0.64949216      -0.71771301      -0.25109354
      0.62684666       0.74586826       0.22526385
     -0.62684666      -0.74586826      -0.22526385
      0.60786017       0.77855000       0.15609581
     -0.60786017      -0.77855000      -0.15609581
      0.55105995       0.82180038       0.14483462
     -0.55105995      -0.82180038      -0.14483462
      0.57221624       0.79147271       0.21480110
     -0.57221624      -0.79147271      -0.21480110
      0.57756870       0.79800199       0.17206747
     -0.57756870      -0.79800199      -0.17206747
      0.44199091       0.85373378       0.27528652
     -0.44199091      -0.85373378      -0.27528652
      0.40034526       0.85463942       0.33062840
     -0.40034526      -0.85463942      -0.33062840
      0.45819778       0.81867622       0.34615611
     -0.45819778      -0.81867622      -0.34615611
      0.43390499       0.84310742       0.31764183
     -0.43390499      -0.84310742      -0.31764183
      0.35669535       0.85139459       0.38457206
     -0.35669535      -0.85139459      -0.38457206
      0.31155508       0.84399430       0.43658568
     -0.31155508      -0.84399430      -0.43658568
      0.36989102       0.81078251       0.45366547
     -0.36989102      -0.81078251      -0.45366547
      0.34636234       0.83614216       0.42532271
     -0.34636234      -0.83614216      -0.42532271
      0.47133798       0.77823482       0.41495912
     -0.47133798      -0.77823482      -0.41495912
      0.42667362       0.77360906       0.46848549
     -0.42667362      -0.77360906      -0.46848549
      0.48126994       0.73284537       0.48095417
     -0.48126994      -0.73284537      -0.48095417
      0.46017776       0.76224813       0.45520788
     -0.46017776      -0.76224813      -0.45520788
      0.44861835       0.80527549       0.38765058
     -0.44861835      -0.80527549      -0.38765058
      0.39100773       0.84171519       0.37232846
     -0.39100773      -0.84171519      -0.37232846
      0.40420371       0.80110216       0.44142348
     -0.40420371      -0.80110216      -0.44142348
      0.41498405       0.81677473       0.40083324
     -0.41498405      -0.81677473      -0.40083324
      0.66240681       0.67796583       0.31871548
     -0.66240681      -0.67796583      -0.31871548
      0.62286229       0.68489745       0.37809795
     -0.62286229      -0.68489745      -0.37809795
      0.67097227       0.63451682       0.38364647
     -0.67097227      -0.63451682      -0.38364647
      0.65266993       0.66639242       0.36047623
     -0.65266993      -0.66639242      -0.36047623
      0.58003738       0.68825644       0.43572894
     -0.58003738      -0.68825644      -0.43572894
      0.53442077       0.68796374       0.49101968
     -0.53442077      -0.68796374      -0.49101968
      0.58419517       0.64039288       0.49861103
     -0.58419517      -0.64039288      -0.49861103
      0.56673027       0.67280942       0.47554629
     -0.56673027      -0.67280942      -0.47554629
      0.67531425       0.58709343       0.44639889
     -0.67531425      -0.58709343      -0.44639889
      0.63135522       0.58963266       0.50371015
     -0.63135522      -0.58963266      -0.50371015
      0.67537608       0.53621357       0.50630244
     -0.67537608      -0.53621357      -0.50630244
      0.66127913       0.57149382       0.48590608
     -0.66127913      -0.57149382      -0.48590608
      0.65911271       0.62081090       0.42445760
     -0.65911271      -0.62081090      -0.42445760
      0.61122398       0.67141925       0.41904825
     -0.61122398      -0.67141925      -0.41904825
      0.61544974       0.62362900       0.48198392
     -0.61544974      -0.62362900      -0.48198392
      0.62916593       0.63920206       0.44223407
     -0.62916593      -0.63920206      -0.44223407
      0.64187895       0.70831087       0.29374671
     -0.64187895      -0.70831087      -0.29374671
      0.58941540       0.75620986       0.28414104
     -0.58941540      -0.75620986      -0.28414104
      0.60262137       0.71556607       0.35328838
     -0.60262137      -0.71556607      -0.35328838
      0.61187701       0.72737979       0.31068500
     -0.61187701      -0.72737979      -0.31068500
      0.53370932       0.80033011       0.27317774
     -0.53370932      -0.80033011      -0.27317774
      0.47539868       0.84018857       0.26092004
     -0.47539868      -0.84018857      -0.26092004
      0.49160928       0.80512829       0.33179626
     -0.49160928      -0.80512829      -0.33179626
      0.50070660       0.81598252       0.28890383
     -0.50070660      -0.81598252      -0.28890383
      0.56005376       0.71925025       0.41111903
     -0.56005376      -0.71925025      -0.41111903
      0.50475378       0.76467367       0.40062177
     -0.50475378      -0.76467367      -0.40062177
      0.51468447       0.71927933       0.46662313
     -0.51468447      -0.71927933      -0.46662313
      0.52698944       0.73509226       0.42652257
     -0.52698944      -0.73509226      -0.42652257
      0.57097691       0.73305607       0.36961353
     -0.57097691      -0.73305607      -0.36961353
      0.55777060       0.77370091       0.30046441
     -0.55777060      -0.77370091      -0.30046441
      0.51542829       0.77813649       0.35893911
     -0.51542829      -0.77813649      -0.35893911
      0.54858165       0.76235328       0.34333024
     -0.54858165      -0.76235328      -0.34333024
      0.95030541       0.30833026       0.04303581
     -0.95030541      -0.30833026      -0.04303581
      0.93368027       0.33977083       0.11312358
     -0.93368027      -0.33977083      -0.11312358
      0.95682696       0.27224673       0.10180318
     -0.95682696      -0.27224673      -0.10180318
      0.94779004       0.30706168       0.08606482
     -0.94779004      -0.30706168      -0.08606482
      0.91126235       0.36906822       0.18272815
     -0.91126235      -0.36906822      -0.18272815
      0.88328975       0.39591824       0.25109354
     -0.88328975      -0.39591824      -0.25109354
      0.91221862       0.33106046       0.24136312
     -0.91221862      -0.33106046      -0.24136312
      0.90306914       0.36568063       0.22526385
     -0.90306914      -0.36568063      -0.22526385
      0.95873282       0.23481076       0.16029751
     -0.95873282      -0.23481076      -0.16029751
      0.93653485       0.26433301       0.23028360
     -0.93653485      -0.26433301      -0.23028360
      0.95598936       0.19646114       0.21791596
     -0.95598936      -0.19646114      -0.21791596
      0.95127486       0.23208008       0.20301472
     -0.95127486      -0.23208008      -0.20301472
      0.95186549       0.27013888       0.14483462
     -0.95186549      -0.27013888      -0.14483462
      0.92828418       0.33752419       0.15609581
     -0.92828418      -0.33752419      -0.15609581
      0.92955983       0.29963147       0.21480110
     -0.92955983      -0.29963147      -0.21480110
      0.93742354       0.30270430       0.17206747
     -0.93742354      -0.30270430      -0.17206747
      0.84947878       0.42048335       0.31871548
     -0.84947878      -0.42048335      -0.31871548
      0.81080319       0.44205607       0.38364647
     -0.81080319      -0.44205607      -0.38364647
      0.84385121       0.38073229       0.37809795
     -0.84385121      -0.38073229      -0.37809795
      0.83546295       0.41479940       0.36047623
     -0.83546295      -0.41479940      -0.36047623
      0.76704261       0.46084017       0.44639889
     -0.76704261      -0.46084017      -0.44639889
      0.71867209       0.47662172       0.50630244
     -0.71867209      -0.47662172      -0.50630244
      0.75587348       0.41824798       0.50371015
     -0.75587348      -0.41824798      -0.50371015
      0.74786941       0.45231253       0.48590608
     -0.74786941      -0.45231253      -0.48590608
      0.83381218       0.33896540       0.43572894
     -0.83381218      -0.33896540      -0.43572894
      0.78957606       0.35771034       0.49861103
     -0.78957606      -0.35771034      -0.49861103
      0.81943750       0.29567187       0.49101968
     -0.81943750      -0.29567187      -0.49101968
      0.81500907       0.33108298       0.47554629
     -0.81500907      -0.33108298      -0.47554629
      0.82743625       0.37382859       0.41904825
     -0.82743625      -0.37382859      -0.41904825
      0.79410328       0.43501232       0.42445760
     -0.79410328      -0.43501232      -0.42445760
      0.78329085       0.39261553       0.48198392
     -0.78329085      -0.39261553      -0.48198392
      0.80234024       0.40084806       0.44223407
     -0.80234024      -0.40084806      -0.44223407
      0.94853178       0.15654009       0.27528652
     -0.94853178      -0.15654009      -0.27528652
      0.92019825       0.18278712       0.34615611
     -0.92019825      -0.18278712      -0.34615611
      0.93652388       0.11665286       0.33062840
     -0.93652388      -0.11665286      -0.33062840
      0.93592682       0.15213364       0.31764183
     -0.93592682      -0.15213364      -0.31764183
      0.88579674       0.20778127       0.41495912
     -0.88579674      -0.20778127      -0.41495912
      0.84569795       0.23125324       0.48095417
     -0.84569795      -0.23125324      -0.48095417
      0.86759533       0.16673238       0.46848549
     -0.86759533      -0.16673238      -0.46848549
      0.86714380       0.20210743       0.45520788
     -0.86714380      -0.20210743      -0.45520788
      0.91994930       0.07614204       0.38457206
     -0.91994930      -0.07614204      -0.38457206
      0.88540260       0.10124169       0.45366547
     -0.88540260      -0.10124169      -0.45366547
      0.89896209       0.03549791       0.43658568
     -0.89896209      -0.03549791      -0.43658568
      0.90225030       0.07102803       0.42532271
     -0.90225030      -0.07102803      -0.42532271
      0.92134675       0.11176615       0.37232846
     -0.92134675      -0.11176615      -0.37232846
      0.90449319       0.17781759       0.38765058
     -0.90449319      -0.17781759      -0.38765058
      0.88679925       0.13686639       0.44142348
     -0.88679925      -0.13686639      -0.44142348
      0.90503605       0.14227602       0.40083324
     -0.90503605      -0.14227602      -0.40083324
      0.94597308       0.19249847       0.26092004
     -0.94597308      -0.19249847      -0.26092004
      0.92608442       0.26027212       0.27317774
     -0.92608442      -0.26027212      -0.27317774
      0.91763813       0.21874989       0.33179626
     -0.91763813      -0.21874989      -0.33179626
      0.93077234       0.22404781       0.28890383
     -0.93077234      -0.22404781      -0.28890383
      0.90133769       0.32688566       0.28414104
     -0.90133769      -0.32688566      -0.28414104
      0.87199517       0.39158306       0.29374671
     -0.87199517      -0.39158306      -0.29374671
      0.86676402       0.35200490       0.35328838
     -0.86676402      -0.35200490      -0.35328838
      0.88085968       0.35715691       0.31068500
     -0.88085968      -0.35715691      -0.31068500
      0.88322537       0.24375221       0.40062177
     -0.88322537      -0.24375221      -0.40062177
      0.85711377       0.31038223       0.41111903
     -0.85711377      -0.31038223      -0.41111903
      0.84312154       0.26722449       0.46662313
     -0.84312154      -0.26722449      -0.46662313
      0.86196297       0.27404074       0.42652257
     -0.86196297      -0.27404074      -0.42652257
      0.89932788       0.24974404       0.35893911
     -0.89932788      -0.24974404      -0.35893911
      0.90819389       0.29138464       0.30046441
     -0.90819389      -0.29138464      -0.30046441
      0.87361932       0.31650453       0.36961353
     -0.87361932      -0.31650453      -0.36961353
      0.89456211       0.28615203       0.34333024
     -0.89456211      -0.28615203      -0.34333024
      0.93840418       0.34474520       0.02341689
     -0.93840418      -0.34474520      -0.02341689
      0.90840886       0.41742622       0.02342406
     -0.90840886      -0.41742622      -0.02342406
      0.92179798       0.37621877       0.09353036
     -0.92179798      -0.37621877      -0.09353036
      0.92385356       0.37986907       0.04684111
     -0.92385356      -0.37986907      -0.04684111
      0.87266786       0.48775127       0.02344142
     -0.87266786      -0.48775127      -0.02344142
      0.83163722       0.55482414       0.02344573
     -0.83163722      -0.55482414      -0.02344573
      0.85051492       0.51755113       0.09362261
     -0.85051492      -0.51755113      -0.09362261
      0.85251402       0.52059718       0.04688731
     -0.85251402      -0.52059718      -0.04688731
      0.89936381       0.40558959       0.16322323
     -0.89936381      -0.40558959      -0.16322323
      0.86382392       0.47659024       0.16330944
     -0.86382392      -0.47659024      -0.16330944
      0.87139449       0.43246386       0.23161748
     -0.87139449      -0.43246386      -0.23161748
      0.87912968       0.43868261       0.18624869
     -0.87912968      -0.43868261      -0.18624869
      0.90435619       0.41043486       0.11697480
     -0.90435619      -0.41043486      -0.11697480
      0.89096662       0.45164371       0.04686612
     -0.89096662      -0.45164371      -0.04686612
      0.86867094       0.48136561       0.11703822
     -0.86867094      -0.48136561      -0.11703822
      0.88895716       0.44829729       0.09372682
     -0.88895716      -0.44829729      -0.09372682
      0.78465915       0.61948391       0.02344573
     -0.78465915      -0.61948391      -0.02344573
      0.73354823       0.67923302       0.02344142
     -0.73354823      -0.67923302      -0.02344142
      0.75504394       0.64895567       0.09362261
     -0.75504394      -0.64895567      -0.09362261
      0.75855866       0.64991564       0.04688731
     -0.75855866      -0.64991564      -0.04688731
      0.67770970       0.73495637       0.02342406
     -0.67770970      -0.73495637      -0.02342406
      0.61785500       0.78594328       0.02341689
     -0.61785500      -0.78594328      -0.02341689
      0.64265655       0.76042398       0.09353036
     -0.64265655      -0.76042398      -0.09353036
      0.64676340       0.76125095       0.04684111
     -0.64676340      -0.76125095      -0.04684111
      0.72020052       0.67427089       0.16330944
     -0.72020052      -0.67427089      -0.16330944
      0.66365732       0.73001174       0.16322323
     -0.66365732      -0.73001174      -0.16322323
      0.68057327       0.69510673       0.23161748
     -0.68057327      -0.69510673      -0.23161748
      0.68887797       0.70054163       0.18624869
     -0.68887797      -0.70054163      -0.18624869
      0.72623998       0.67740501       0.11703822
     -0.72623998      -0.67740501      -0.11703822
      0.70486252       0.70779403       0.04686612
     -0.70486252      -0.70779403      -0.04686612
      0.66980818       0.73326250       0.11697480
     -0.66980818      -0.73326250      -0.11697480
      0.70105892       0.70691702       0.09372682
     -0.70105892      -0.70691702      -0.09372682
      0.83740084       0.45716169       0.29960478
     -0.83740084      -0.45716169      -0.29960478
      0.79474047       0.52678230       0.30147635
     -0.79474047      -0.52678230      -0.30147635
      0.79869590       0.47872911       0.36455906
     -0.79869590      -0.47872911      -0.36455906
      0.81114294       0.48807787       0.32222217
     -0.81114294      -0.48807787      -0.32222217
      0.74658805       0.59305842       0.30147635
     -0.74658805      -0.59305842      -0.30147635
      0.69355769       0.65514479       0.29960478
     -0.69355769      -0.65514479      -0.29960478
      0.70210904       0.61166951       0.36455906
     -0.70210904      -0.61166951      -0.36455906
      0.71484659       0.62061842       0.32222217
     -0.71484659      -0.62061842      -0.32222217
      0.75486249       0.49750450       0.42740132
     -0.75486249      -0.49750450      -0.42740132
      0.70642023       0.56417955       0.42740132
     -0.70642023      -0.56417955      -0.42740132
      0.70645262       0.51326787       0.48732001
     -0.70645262      -0.51326787      -0.48732001
      0.72334924       0.52554399       0.44784975
     -0.72334924      -0.52554399      -0.44784975
      0.76969000       0.50827557       0.38630719
     -0.76969000      -0.50827557      -0.38630719
      0.76560693       0.55624600       0.32316624
     -0.76560693      -0.55624600      -0.32316624
      0.72124609       0.57495290       0.38630719
     -0.72124609      -0.57495290      -0.38630719
      0.75299272       0.54708123       0.36565570
     -0.75299272      -0.54708123      -0.36565570
      0.84789411       0.46474795       0.25511748
     -0.84789411      -0.46474795      -0.25511748
      0.84032288       0.50888356       0.18680198
     -0.84032288      -0.50888356      -0.18680198
      0.80523035       0.53437978       0.25698704
     -0.80523035      -0.53437978      -0.25698704
      0.83208107       0.50323443       0.23322993
     -0.83208107      -0.50323443      -0.23322993
