      0.55625195       0.83078199       0.01962277
     -0.55625195      -0.83078199      -0.01962277
      0.48927565       0.87190832       0.01962695
     -0.48927565      -0.87190832      -0.01962695
      0.52396440       0.84812413       0.07840133
     -0.52396440      -0.84812413      -0.07840133
      0.52363461       0.85103833       0.03924981
     -0.52363461      -0.85103833      -0.03924981
      0.41911127       0.90772250       0.01963705
     -0.41911127      -0.90772250      -0.01963705
      0.34651497       0.93783883       0.01963956
     -0.34651497      -0.93783883      -0.01963956
      0.38349883       0.92020294       0.07845505
     -0.38349883      -0.92020294      -0.07845505
      0.38338633       0.92275255       0.03927670
     -0.38338633      -0.92275255      -0.03927670
      0.48899783       0.86147003       0.13693249
     -0.48899783      -0.86147003      -0.13693249
      0.41866840       0.89774857       0.13698273
     -0.41866840      -0.89774857      -0.13698273
      0.45169464       0.87069901       0.19456411
     -0.45169464      -0.87069901      -0.19456411
      0.45352805       0.87742995       0.15629773
     -0.45352805      -0.87742995      -0.15629773
      0.48984074       0.86627874       0.09806731
     -0.48984074      -0.86627874      -0.09806731
      0.45492584       0.88966330       0.03926438
     -0.45492584      -0.88966330      -0.03926438
      0.41945807       0.90245802       0.09810424
     -0.41945807      -0.90245802      -0.09810424
      0.45515634       0.88693978       0.07855275
     -0.45515634      -0.88693978      -0.07855275
      0.27091134       0.96240394       0.01963956
     -0.27091134      -0.96240394      -0.01963956
      0.19447776       0.98071035       0.01963705
     -0.19447776      -0.98071035      -0.01963705
      0.23062465       0.96987477       0.07845505
     -0.23062465      -0.96987477      -0.07845505
      0.23221429       0.97187132       0.03927670
     -0.23221429      -0.97187132      -0.03927670
      0.11666253       0.99297766       0.01962695
     -0.11666253      -0.99297766      -0.01962695
      0.03830412       0.99907344       0.01962277
     -0.03830412      -0.99907344      -0.01962277
      0.07461875       0.99412538       0.07840133
     -0.07461875      -0.99412538      -0.07840133
      0.07659848       0.99628918       0.03924981
     -0.07659848      -0.99628918      -0.03924981
      0.18897352       0.97238096       0.13698273
     -0.18897352      -0.97238096      -0.13698273
